1.503027
2.345755
2.883304
1.590436
1.018682
1.928157
0.524511
1.162263
1.946356
0.514962
1.274229
2.184524
2.630718
0.814697
2.284644
1.259579
1.261044
0.657184
1.853919
1.696727
1.541114
0.414610
1.911229
2.188229
0.847258
2.420475
0.864807
1.740572
0.451263
1.368007
2.792060
2.714198
0.791241
1.147933
1.431311
1.092404
0.465119
1.868663
0.980292
2.097553
2.009713
1.737320
1.944324
1.400322
1.652838
0.377657
0.776519
1.605914
1.209263
0.338046
0.512018
1.262641
2.547326
0.722130
1.277393
2.091161
1.074913
0.718511
2.764931
0.901477
1.791880
1.548508
1.643029
2.169473
0.771051
2.434474
0.844613
0.393416
2.811942
1.546920
1.223882
1.660357
0.627142
1.590953
0.977153
2.307305
0.086509
0.489316
2.452742
0.792399
1.125144
1.408997
0.486359
0.491592
2.146378
0.731335
1.543042
2.500134
1.464182
0.406882
1.331728
1.384657
0.892342
1.673087
0.588284
1.305275
1.637794
1.822975
2.258015
2.292211
